1
texture.png
23 28
269
22 22 1 1 0 0 0
625 28 6 20 0 2 0
480 117 9 9 0 2 0
446 38 14 18 0 3 0
320 0 12 23 0 1 0
24 0 21 19 0 3 0
140 64 17 20 0 2 0
314 36 5 9 0 2 0
595 42 8 22 0 2 0
606 70 7 22 1 2 0
619 95 12 11 0 2 0
461 87 16 15 0 6 0
355 119 6 8 1 16 0
310 120 9 5 0 11 0
432 121 6 6 0 16 0
494 103 11 20 1 2 0
383 20 14 19 0 3 0
606 109 8 18 1 3 0
480 19 13 18 0 3 0
432 41 13 19 0 3 0
347 0 15 18 0 3 0
432 61 13 19 0 3 0
363 15 14 19 0 3 0
480 38 13 18 0 3 0
347 99 14 19 0 3 0
432 81 13 19 1 3 0
632 98 6 15 0 7 0
632 80 6 17 1 7 0
523 98 14 15 0 6 0
363 115 16 9 0 9 0
523 46 14 15 0 6 0
494 40 11 20 0 2 0
24 106 19 20 0 4 0
178 19 17 19 0 2 0
418 42 13 20 0 2 0
197 67 15 20 0 2 0
178 59 16 20 0 2 0
494 20 12 19 0 2 0
494 0 12 19 0 2 0
178 80 16 20 0 2 0
246 104 15 19 0 2 0
314 15 5 19 0 2 0
540 20 10 20 0 2 0
347 59 14 19 0 2 0
480 97 12 19 0 2 0
65 84 19 19 0 2 0
267 0 15 19 0 2 0
102 62 18 20 0 2 0
446 77 13 19 0 2 0
24 60 18 22 0 2 0
446 97 13 19 0 2 0
418 21 13 20 0 2 0
267 20 15 19 0 2 0
213 20 15 20 0 2 0
213 0 16 19 0 2 0
0 67 22 19 0 2 0
267 40 15 19 0 2 0
267 60 15 19 0 2 0
267 100 15 19 0 2 0
595 65 8 22 0 2 0
494 61 11 20 0 2 0
595 19 8 22 0 2 0
552 60 14 14 1 3 0
178 123 14 4 1 20 0
398 120 7 6 0 2 0
552 91 13 15 0 7 0
246 60 14 21 0 1 0
606 0 12 15 0 7 0
246 38 14 21 0 1 0
523 62 14 15 0 7 0
494 82 11 20 0 1 0
363 35 14 19 0 7 0
398 36 13 20 0 1 0
261 82 5 19 1 2 0
507 73 9 24 0 2 0
398 57 13 20 0 1 0
261 38 5 20 0 1 0
299 0 20 14 0 7 0
581 30 13 14 0 7 0
507 0 15 15 0 7 0
363 75 14 19 0 7 0
363 95 14 19 0 7 0
619 107 9 14 0 7 0
595 108 10 15 1 7 0
595 0 10 18 0 4 0
552 107 13 15 0 7 0
552 15 14 14 0 7 0
398 0 19 14 1 7 0
552 0 14 14 0 7 0
299 78 14 20 0 7 0
581 105 13 14 0 7 0
540 41 9 22 0 2 0
619 28 5 26 0 1 0
540 64 9 22 0 2 0
267 120 15 6 0 10 0
632 24 6 19 0 7 0
320 90 12 20 0 2 0
480 0 13 18 0 3 0
552 30 14 14 0 5 0
446 19 14 18 1 3 0
18 87 5 24 0 2 0
333 44 13 21 0 2 0
299 120 10 6 0 2 0
178 0 18 18 0 3 0
632 56 10 11 0 4 0
619 0 12 12 0 8 0
46 116 16 10 0 9 0
632 0 11 11 1 2 0
283 123 9 4 0 3 0
446 117 10 9 0 2 0
122 110 16 16 0 5 0
632 44 10 11 0 0 0
632 68 10 11 0 0 0
406 120 7 6 1 2 0
347 19 14 19 0 7 0
333 66 13 21 0 2 0
439 121 6 6 0 11 0
347 119 7 8 0 18 0
632 114 7 11 0 0 0
632 12 11 11 0 4 0
523 114 12 12 0 8 0
65 104 19 19 0 3 0
65 20 20 19 0 3 0
65 40 20 19 0 3 0
540 0 11 19 0 7 0
122 0 17 21 0 0 0
122 22 17 21 0 0 0
122 44 17 21 0 0 0
122 66 17 21 0 0 0
122 88 17 21 0 0 0
140 0 17 21 0 0 0
24 40 21 19 0 2 0
86 25 15 24 0 2 0
320 24 12 21 0 0 0
320 46 12 21 0 0 0
320 68 12 21 0 0 0
0 0 23 21 0 0 0
261 16 5 21 0 0 0
606 48 8 21 0 0 0
567 80 9 21 0 0 0
507 98 10 21 0 0 0
102 104 18 20 0 2 0
197 0 15 21 0 0 0
24 83 18 22 0 0 0
46 69 18 22 0 0 0
46 0 18 22 0 0 0
46 23 18 22 0 0 0
46 46 18 22 0 0 0
507 32 15 15 1 6 0
102 41 18 20 0 2 0
158 19 15 22 0 0 0
158 42 15 22 0 0 0
158 65 15 22 0 0 0
158 88 15 22 0 0 0
178 101 15 21 0 0 0
432 21 13 19 0 2 0
230 105 14 21 0 1 0
383 82 13 20 0 2 0
383 61 13 20 0 2 0
383 103 13 20 0 2 0
383 40 13 20 0 2 0
333 88 13 20 0 2 0
333 0 13 21 0 1 0
246 0 20 15 0 7 0
480 77 12 19 0 7 0
299 57 14 20 0 2 0
299 15 14 20 0 2 0
283 60 14 20 0 2 0
283 102 14 20 0 2 0
619 55 7 19 1 2 0
619 75 7 19 0 2 0
595 88 9 19 0 2 0
567 102 10 19 0 2 0
246 82 14 21 0 1 0
461 35 13 19 0 2 0
213 62 15 20 0 2 0
230 63 15 20 0 2 0
230 84 15 20 0 2 0
230 0 15 20 0 2 0
213 104 15 20 0 2 0
523 15 16 14 0 7 0
461 103 15 16 0 6 0
432 0 13 20 0 2 0
418 105 13 20 0 2 0
418 84 13 20 0 2 0
418 63 13 20 0 2 0
86 50 14 25 0 2 0
140 85 14 24 0 2 0
86 102 14 25 0 2 0
178 39 17 19 0 2 0
418 0 13 20 0 2 0
398 99 13 20 0 2 0
523 78 11 19 0 2 0
46 92 17 23 0 2 0
480 57 12 19 0 2 0
24 20 21 19 0 2 0
398 78 13 20 0 2 0
267 80 15 19 0 2 0
197 22 15 21 0 0 0
383 0 14 19 0 2 0
213 41 15 20 0 2 0
102 0 19 19 0 2 0
283 40 15 19 0 2 0
102 83 18 20 0 2 0
363 55 14 19 0 2 0
461 15 13 19 0 2 0
230 21 15 20 0 2 0
283 20 15 19 0 2 0
230 42 15 20 0 2 0
102 20 18 20 0 2 0
283 0 15 19 0 2 0
65 60 16 23 0 2 0
299 36 14 20 0 2 0
65 0 20 19 0 2 0
0 22 21 23 0 2 0
140 43 17 20 0 2 0
140 22 17 20 0 2 0
398 15 13 20 0 2 0
197 88 15 20 0 2 0
0 46 21 20 0 2 0
347 39 14 19 0 2 0
567 16 13 15 0 7 0
333 22 13 21 1 1 0
567 0 13 15 0 7 0
619 13 10 14 0 7 0
197 109 15 18 0 7 0
523 30 14 15 0 7 0
363 0 19 14 0 7 0
606 32 12 15 0 7 0
581 15 13 14 0 7 0
446 57 13 19 0 2 0
581 0 13 14 0 7 0
552 75 13 15 0 7 0
523 0 16 14 0 7 0
581 60 13 14 0 7 0
507 16 15 15 0 7 0
581 90 13 14 0 7 0
347 79 14 19 0 7 0
606 16 12 15 0 7 0
581 45 13 14 0 7 0
299 99 14 20 0 7 0
0 87 17 24 0 2 0
552 45 14 14 0 7 0
446 0 14 18 0 7 0
320 111 12 15 0 7 0
461 0 18 14 0 7 0
158 0 19 18 0 7 0
461 55 16 15 0 7 0
461 71 16 15 0 7 0
567 64 13 15 0 7 0
567 48 13 15 0 7 0
140 110 17 15 0 7 0
581 75 13 14 0 7 0
197 44 14 22 0 0 0
283 81 14 20 0 2 0
86 0 15 24 0 1 0
540 87 10 19 0 2 0
567 32 13 15 0 7 0
606 93 10 15 1 7 0
261 60 5 19 1 2 0
540 107 10 19 0 2 0
507 48 9 24 0 2 0
0 112 21 15 0 7 0
158 111 19 15 0 7 0
213 83 15 20 0 1 0
432 101 13 19 0 2 0
246 16 14 21 0 0 0
86 76 14 25 0 2 0
333 109 13 18 0 7 0
